33
1 0.0 0.0 0.0 64 0 1 1 2 2 3 3 4 4 5 5 6 6 7 7 8 8 9 9 10 10 11 11 12 12 13 13 14 14 15 15 16 16 17 17 18 18 19 19 20 20 21 21 22 22 23 23 24 24 25 25 26 26 27 27 28 28 29 29 30 30 31 31 32 32 33 33 34 34 35 35 36 36 37 37 38 38 39 39 40 40 41 41 42 42 43 43 44 44 45 45 46 46 47 47 48 48 49 49 50 50 51 51 52 52 53 53 54 54 55 55 56 56 57 57 58 58 59 59 60 60 61 61 62 62 63 63 64 
1 0.0 0.0 0.0 64 65 66 66 67 67 68 68 69 69 70 70 71 71 72 72 73 73 74 74 75 75 76 76 77 77 78 78 79 79 80 80 81 81 82 82 83 83 84 84 85 85 86 86 87 87 88 88 89 89 90 90 91 91 92 92 93 93 94 94 95 95 96 96 97 97 98 98 99 99 100 100 101 101 102 102 103 103 104 104 105 105 106 106 107 107 108 108 109 109 110 110 111 111 112 112 113 113 114 114 115 115 116 116 117 117 118 118 119 119 120 120 121 121 122 122 123 123 124 124 125 125 126 126 127 127 128 128 129 
3 0.0 0.0 0.0 2 64 130 130 65 
2 0.0 0.0 0.0 4 0 131 131 132 132 133 133 134 
2 0.0 0.0 0.0 4 134 135 135 136 136 137 137 138 
2 0.0 0.0 0.0 16 138 139 139 140 140 141 141 142 142 143 143 144 144 145 145 146 146 147 147 148 148 149 149 150 150 151 151 152 152 153 153 154 
2 0.0 0.0 0.0 8 154 155 155 156 156 157 157 158 158 159 159 160 160 161 161 162 
2 0.0 0.0 0.0 32 162 163 163 164 164 165 165 166 166 167 167 168 168 169 169 170 170 171 171 172 172 173 173 174 174 175 175 176 176 177 177 178 178 179 179 180 180 181 181 182 182 183 183 184 184 185 185 186 186 187 187 188 188 189 189 190 190 191 191 192 192 193 193 194 
2 0.0 0.0 0.0 16 194 195 195 196 196 197 197 198 198 199 199 200 200 201 201 202 202 203 203 204 204 205 205 206 206 207 207 208 208 209 209 210 
2 0.0 0.0 0.0 4 210 211 211 212 212 213 213 214 
2 0.0 0.0 0.0 4 214 215 215 216 216 217 217 218 
2 0.0 0.0 0.0 16 218 219 219 220 220 221 221 222 222 223 223 224 224 225 225 226 226 227 227 228 228 229 229 230 230 231 231 232 232 233 233 234 
2 0.0 0.0 0.0 128 234 235 235 236 236 237 237 238 238 239 239 240 240 241 241 242 242 243 243 244 244 245 245 246 246 247 247 248 248 249 249 250 250 251 251 252 252 253 253 254 254 255 255 256 256 257 257 258 258 259 259 260 260 261 261 262 262 263 263 264 264 265 265 266 266 267 267 268 268 269 269 270 270 271 271 272 272 273 273 274 274 275 275 276 276 277 277 278 278 279 279 280 280 281 281 282 282 283 283 284 284 285 285 286 286 287 287 288 288 289 289 290 290 291 291 292 292 293 293 294 294 295 295 296 296 297 297 298 298 299 299 300 300 301 301 302 302 303 303 304 304 305 305 306 306 307 307 308 308 309 309 310 310 311 311 312 312 313 313 314 314 315 315 316 316 317 317 318 318 319 319 320 320 321 321 322 322 323 323 324 324 325 325 326 326 327 327 328 328 329 329 330 330 331 331 332 332 333 333 334 334 335 335 336 336 337 337 338 338 339 339 340 340 341 341 342 342 343 343 344 344 345 345 346 346 347 347 348 348 349 349 350 350 351 351 352 352 353 353 354 354 355 355 356 356 357 357 358 358 359 359 360 360 361 361 362 
2 0.0 0.0 0.0 7 363 364 364 365 365 366 366 367 367 368 368 369 369 370 
2 0.0 0.0 0.0 4 371 372 372 373 373 374 374 363 
2 0.0 0.0 0.0 32 375 376 376 377 377 378 378 379 379 380 380 381 381 382 382 383 383 384 384 385 385 386 386 387 387 388 388 389 389 390 390 391 391 392 392 393 393 394 394 395 395 396 396 397 397 398 398 399 399 400 400 401 401 402 402 403 403 404 404 405 405 406 406 371 
2 0.0 0.0 0.0 32 407 408 408 409 409 410 410 411 411 412 412 413 413 414 414 415 415 416 416 417 417 418 418 419 419 420 420 421 421 422 422 423 423 424 424 425 425 426 426 427 427 428 428 429 429 430 430 431 431 432 432 433 433 434 434 435 435 436 436 437 437 438 438 375 
2 0.0 0.0 0.0 16 439 440 440 441 441 442 442 443 443 444 444 445 445 446 446 447 447 448 448 449 449 450 450 451 451 452 452 453 453 454 454 407 
2 0.0 0.0 0.0 4 455 456 456 457 457 458 458 439 
2 0.0 0.0 0.0 4 129 459 459 460 460 461 461 455 
0 0.0 0.0 0.0 120 134 462 462 463 463 464 464 465 465 466 466 467 467 468 468 469 469 470 470 471 471 472 472 473 473 474 474 475 475 476 476 477 477 478 478 479 479 480 480 481 481 482 482 483 483 484 484 485 485 486 486 487 487 488 488 489 489 490 490 491 491 492 492 493 493 494 494 495 495 496 496 497 497 498 498 499 499 500 500 501 501 502 502 503 503 504 504 505 505 506 506 507 507 508 508 509 509 510 510 511 511 512 512 513 513 514 514 515 515 516 516 517 517 518 518 519 519 520 520 521 521 522 522 523 523 524 524 525 525 526 526 527 527 528 528 529 529 530 530 531 531 532 532 533 533 534 534 535 535 536 536 537 537 538 538 539 539 540 540 541 541 542 542 543 543 544 544 545 545 546 546 547 547 548 548 549 549 550 550 551 551 552 552 553 553 554 554 555 555 556 556 557 557 558 558 559 559 560 560 561 561 562 562 563 563 564 564 565 565 566 566 567 567 568 568 569 569 570 570 571 571 572 572 573 573 574 574 575 575 576 576 577 577 578 578 579 579 580 580 455 
0 0.0 0.0 0.0 108 138 581 581 582 582 583 583 584 584 585 585 586 586 587 587 588 588 589 589 590 590 591 591 592 592 593 593 594 594 595 595 596 596 597 597 598 598 599 599 600 600 601 601 602 602 603 603 604 604 605 605 606 606 607 607 608 608 609 609 610 610 611 611 612 612 613 613 614 614 615 615 616 616 617 617 618 618 619 619 620 620 621 621 622 622 623 623 624 624 625 625 626 626 627 627 628 628 629 629 630 630 631 631 632 632 633 633 634 634 635 635 636 636 637 637 638 638 639 639 640 640 641 641 642 642 643 643 644 644 645 645 646 646 647 647 648 648 649 649 650 650 651 651 652 652 653 653 654 654 655 655 656 656 657 657 658 658 659 659 660 660 661 661 662 662 663 663 664 664 665 665 666 666 667 667 668 668 669 669 670 670 671 671 672 672 673 673 674 674 675 675 676 676 677 677 678 678 679 679 680 680 681 681 682 682 683 683 684 684 685 685 686 686 687 687 688 
0 0.0 0.0 0.0 6 688 689 689 690 690 691 691 692 692 693 693 439 
0 0.0 0.0 0.0 112 154 694 694 695 695 696 696 697 697 698 698 699 699 700 700 701 701 702 702 703 703 704 704 705 705 706 706 707 707 708 708 709 709 710 710 711 711 712 712 713 713 714 714 715 715 716 716 717 717 718 718 719 719 720 720 721 721 722 722 723 723 724 724 725 725 726 726 727 727 728 728 729 729 730 730 731 731 732 732 733 733 734 734 735 735 736 736 737 737 738 738 739 739 740 740 741 741 742 742 743 743 744 744 745 745 746 746 747 747 748 748 749 749 750 750 751 751 752 752 753 753 754 754 755 755 756 756 757 757 758 758 759 759 760 760 761 761 762 762 763 763 764 764 765 765 766 766 767 767 768 768 769 769 770 770 771 771 772 772 773 773 774 774 775 775 776 776 777 777 778 778 779 779 780 780 781 781 782 782 783 783 784 784 785 785 786 786 787 787 788 788 789 789 790 790 791 791 792 792 793 793 794 794 795 795 796 796 797 797 798 798 799 799 800 800 801 801 802 802 803 803 804 804 688 
0 0.0 0.0 0.0 120 162 805 805 806 806 807 807 808 808 809 809 810 810 811 811 812 812 813 813 814 814 815 815 816 816 817 817 818 818 819 819 820 820 821 821 822 822 823 823 824 824 825 825 826 826 827 827 828 828 829 829 830 830 831 831 832 832 833 833 834 834 835 835 836 836 837 837 838 838 839 839 840 840 841 841 842 842 843 843 844 844 845 845 846 846 847 847 848 848 849 849 850 850 851 851 852 852 853 853 854 854 855 855 856 856 857 857 858 858 859 859 860 860 861 861 862 862 863 863 864 864 865 865 866 866 867 867 868 868 869 869 870 870 871 871 872 872 873 873 874 874 875 875 876 876 877 877 878 878 879 879 880 880 881 881 882 882 883 883 884 884 885 885 886 886 887 887 888 888 889 889 890 890 891 891 892 892 893 893 894 894 895 895 896 896 897 897 898 898 899 899 900 900 901 901 902 902 903 903 904 904 905 905 906 906 907 907 908 908 909 909 910 910 911 911 912 912 913 913 914 914 915 915 916 916 917 917 918 918 919 919 920 920 921 921 922 922 923 923 407 
0 0.0 0.0 0.0 116 194 924 924 925 925 926 926 927 927 928 928 929 929 930 930 931 931 932 932 933 933 934 934 935 935 936 936 937 937 938 938 939 939 940 940 941 941 942 942 943 943 944 944 945 945 946 946 947 947 948 948 949 949 950 950 951 951 952 952 953 953 954 954 955 955 956 956 957 957 958 958 959 959 960 960 961 961 962 962 963 963 964 964 965 965 966 966 967 967 968 968 969 969 970 970 971 971 972 972 973 973 974 974 975 975 976 976 977 977 978 978 979 979 980 980 981 981 982 982 983 983 984 984 985 985 986 986 987 987 988 988 989 989 990 990 991 991 992 992 993 993 994 994 995 995 996 996 997 997 998 998 999 999 1000 1000 1001 1001 1002 1002 1003 1003 1004 1004 1005 1005 1006 1006 1007 1007 1008 1008 1009 1009 1010 1010 1011 1011 1012 1012 1013 1013 1014 1014 1015 1015 1016 1016 1017 1017 1018 1018 1019 1019 1020 1020 1021 1021 1022 1022 1023 1023 1024 1024 1025 1025 1026 1026 1027 1027 1028 1028 1029 1029 1030 1030 1031 1031 1032 1032 1033 1033 1034 1034 1035 1035 1036 1036 1037 1037 1038 1038 375 
0 0.0 0.0 0.0 112 218 1039 1039 1040 1040 1041 1041 1042 1042 1043 1043 1044 1044 1045 1045 1046 1046 1047 1047 1048 1048 1049 1049 1050 1050 1051 1051 1052 1052 1053 1053 1054 1054 1055 1055 1056 1056 1057 1057 1058 1058 1059 1059 1060 1060 1061 1061 1062 1062 1063 1063 1064 1064 1065 1065 1066 1066 1067 1067 1068 1068 1069 1069 1070 1070 1071 1071 1072 1072 1073 1073 1074 1074 1075 1075 1076 1076 1077 1077 1078 1078 1079 1079 1080 1080 1081 1081 1082 1082 1083 1083 1084 1084 1085 1085 1086 1086 1087 1087 1088 1088 1089 1089 1090 1090 1091 1091 1092 1092 1093 1093 1094 1094 1095 1095 1096 1096 1097 1097 1098 1098 1099 1099 1100 1100 1101 1101 1102 1102 1103 1103 1104 1104 1105 1105 1106 1106 1107 1107 1108 1108 1109 1109 1110 1110 1111 1111 1112 1112 1113 1113 1114 1114 1115 1115 1116 1116 1117 1117 1118 1118 1119 1119 1120 1120 1121 1121 1122 1122 1123 1123 1124 1124 1125 1125 1126 1126 1127 1127 1128 1128 1129 1129 1130 1130 1131 1131 1132 1132 1133 1133 1134 1134 1135 1135 1136 1136 1137 1137 1138 1138 1139 1139 1140 1140 1141 1141 1142 1142 1143 1143 1144 1144 1145 1145 1146 1146 1147 1147 1148 1148 1149 1149 363 
0 0.0 0.0 0.0 100 214 1150 1150 1151 1151 1152 1152 1153 1153 1154 1154 1155 1155 1156 1156 1157 1157 1158 1158 1159 1159 1160 1160 1161 1161 1162 1162 1163 1163 1164 1164 1165 1165 1166 1166 1167 1167 1168 1168 1169 1169 1170 1170 1171 1171 1172 1172 1173 1173 1174 1174 1175 1175 1176 1176 1177 1177 1178 1178 1179 1179 1180 1180 1181 1181 1182 1182 1183 1183 1184 1184 1185 1185 1186 1186 1187 1187 1188 1188 1189 1189 1190 1190 1191 1191 1192 1192 1193 1193 1194 1194 1195 1195 1196 1196 1197 1197 1198 1198 1199 1199 1200 1200 1201 1201 1202 1202 1203 1203 1204 1204 1205 1205 1206 1206 1207 1207 1208 1208 1209 1209 1210 1210 1211 1211 1212 1212 1213 1213 1214 1214 1215 1215 1216 1216 1217 1217 1218 1218 1219 1219 1220 1220 1221 1221 1222 1222 1223 1223 1224 1224 1225 1225 1226 1226 1227 1227 1228 1228 1229 1229 1230 1230 1231 1231 1232 1232 1233 1233 1234 1234 1235 1235 1236 1236 1237 1237 1238 1238 1239 1239 1240 1240 1241 1241 1242 1242 1243 1243 1244 1244 1245 1245 1246 1246 1247 1247 1248 1248 1249 
0 0.0 0.0 0.0 16 1249 1250 1250 1251 1251 1252 1252 1253 1253 1254 1254 1255 1255 1256 1256 1257 1257 1258 1258 1259 1259 1260 1260 1261 1261 1262 1262 1263 1263 1264 1264 371 
0 0.0 0.0 0.0 40 1265 1266 1266 1267 1267 1268 1268 1269 1269 1270 1270 1271 1271 1272 1272 1273 1273 1274 1274 1275 1275 1276 1276 1277 1277 1278 1278 1279 1279 1280 1280 1281 1281 1282 1282 1283 1283 1284 1284 1285 1285 1286 1286 1287 1287 1288 1288 1289 1289 1290 1290 1291 1291 1292 1292 1293 1293 1294 1294 1295 1295 1296 1296 1297 1297 1298 1298 1299 1299 1300 1300 1301 1301 1302 1302 1303 1303 1304 1304 1249 
0 0.0 0.0 0.0 42 210 1305 1305 1306 1306 1307 1307 1308 1308 1309 1309 1310 1310 1311 1311 1312 1312 1313 1313 1314 1314 1315 1315 1316 1316 1317 1317 1318 1318 1319 1319 1320 1320 1321 1321 1322 1322 1323 1323 1324 1324 1325 1325 1326 1326 1327 1327 1328 1328 1329 1329 1330 1330 1331 1331 1332 1332 1333 1333 1334 1334 1335 1335 1336 1336 1337 1337 1338 1338 1339 1339 1340 1340 1341 1341 1342 1342 1343 1343 1344 1344 1345 1345 1346 
0 0.0 0.0 0.0 26 1346 1347 1347 1348 1348 1349 1349 1350 1350 1351 1351 1352 1352 1353 1353 1354 1354 1355 1355 1356 1356 1357 1357 1358 1358 1359 1359 1360 1360 1361 1361 1362 1362 1363 1363 1364 1364 1365 1365 1366 1366 1367 1367 1368 1368 1369 1369 1370 1370 1371 1371 1265 
0 0.0 0.0 0.0 24 1346 1372 1372 1373 1373 1374 1374 1375 1375 1376 1376 1377 1377 1378 1378 1379 1379 1380 1380 1381 1381 1382 1382 1383 1383 1384 1384 1385 1385 1386 1386 1387 1387 1388 1388 1389 1389 1390 1390 1391 1391 1392 1392 1393 1393 1394 1394 1265 
1395
8.3397095 -694.47317 11.2836051328 -694.474137187 14.2275007656 -694.475104375 17.1713963984 -694.476071563 20.1152920313 -694.47703875 23.0591876641 -694.478005938 26.0030832969 -694.478973125 28.9469789297 -694.479940312 31.8908745625 -694.4809075 34.8347701953 -694.481874687 37.7786658281 -694.482841875 40.7225614609 -694.483809062 43.6664570937 -694.48477625 46.6103527266 -694.485743437 49.5542483594 -694.486710625 52.4981439922 -694.487677813 55.442039625 -694.488645 58.3859352578 -694.489612188 61.3298308906 -694.490579375 64.2737265234 -694.491546563 67.2176221563 -694.49251375 70.1615177891 -694.493480937 73.1054134219 -694.494448125 76.0493090547 -694.495415312 78.9932046875 -694.4963825 81.9371003203 -694.497349687 84.8809959531 -694.498316875 87.8248915859 -694.499284063 90.7687872188 -694.50025125 93.7126828516 -694.501218438 96.6565784844 -694.502185625 99.6004741172 -694.503152813 102.54436975 -694.50412 105.488265383 -694.505087187 108.432161016 -694.506054375 111.376056648 -694.507021562 114.319952281 -694.50798875 117.263847914 -694.508955937 120.207743547 -694.509923125 123.15163918 -694.510890313 126.095534813 -694.5118575 129.039430445 -694.512824688 131.983326078 -694.513791875 134.927221711 -694.514759063 137.871117344 -694.51572625 140.815012977 -694.516693437 143.758908609 -694.517660625 146.702804242 -694.518627812 149.646699875 -694.519595 152.590595508 -694.520562187 155.534491141 -694.521529375 158.478386773 -694.522496563 161.422282406 -694.52346375 164.366178039 -694.524430938 167.310073672 -694.525398125 170.253969305 -694.526365313 173.197864938 -694.5273325 176.14176057 -694.528299688 179.085656203 -694.529266875 182.029551836 -694.530234062 184.973447469 -694.53120125 187.917343102 -694.532168437 190.861238734 -694.533135625 193.805134367 -694.534102813 196.74903 -694.53507 206.08357 -694.53503 209.340685781 -694.534062812 212.597801563 -694.533095625 215.854917344 -694.532128437 219.112033125 -694.53116125 222.369148906 -694.530194062 225.626264687 -694.529226875 228.883380469 -694.528259688 232.14049625 -694.5272925 235.397612031 -694.526325313 238.654727813 -694.525358125 241.911843594 -694.524390938 245.168959375 -694.52342375 248.426075156 -694.522456562 251.683190938 -694.521489375 254.940306719 -694.520522187 258.1974225 -694.519555 261.454538281 -694.518587812 264.711654063 -694.517620625 267.968769844 -694.516653437 271.225885625 -694.51568625 274.483001406 -694.514719063 277.740117188 -694.513751875 280.997232969 -694.512784688 284.25434875 -694.5118175 287.511464531 -694.510850312 290.768580313 -694.509883125 294.025696094 -694.508915937 297.282811875 -694.50794875 300.539927656 -694.506981562 303.797043438 -694.506014375 307.054159219 -694.505047187 310.311275 -694.50408 313.568390781 -694.503112813 316.825506563 -694.502145625 320.082622344 -694.501178438 323.339738125 -694.50021125 326.596853906 -694.499244062 329.853969688 -694.498276875 333.111085469 -694.497309687 336.36820125 -694.4963425 339.625317031 -694.495375312 342.882432813 -694.494408125 346.139548594 -694.493440937 349.396664375 -694.49247375 352.653780156 -694.491506563 355.910895938 -694.490539375 359.168011719 -694.489572188 362.4251275 -694.488605 365.682243281 -694.487637812 368.939359063 -694.486670625 372.196474844 -694.485703437 375.453590625 -694.48473625 378.710706406 -694.483769062 381.967822188 -694.482801875 385.224937969 -694.481834687 388.48205375 -694.4808675 391.739169531 -694.479900312 394.996285313 -694.478933125 398.253401094 -694.477965938 401.510516875 -694.47699875 404.767632656 -694.476031562 408.024748438 -694.475064375 411.281864219 -694.474097187 414.53898 -694.47313 201.4163 -694.53505 8.33652925 -696.9754325 8.333349 -699.477695 8.33016875 -701.9799575 8.3269885 -704.48222 8.3317976 -707.4539725 8.3366071 -710.425725 8.3414166 -713.3974775 8.3462261 -716.36923 8.34876695 -719.889208125 8.3513082 -723.40918625 8.35384945 -726.929164375 8.3563907 -730.4491425 8.35893195 -733.969120625 8.3614732 -737.48909875 8.36401445 -741.009076875 8.3665557 -744.529055 8.36909695 -748.049033125 8.3716382 -751.56901125 8.37417945 -755.088989375 8.3767207 -758.6089675 8.37926195 -762.128945625 8.3818032 -765.64892375 8.38434445 -769.168901875 8.3868857 -772.68888 8.389870825 -776.21458375 8.39285595 -779.7402875 8.395841075 -783.26599125 8.3988262 -786.791695 8.401811325 -790.31739875 8.40479645 -793.8431025 8.407781575 -797.36880625 8.4107667 -800.89451 8.41076670313 -803.919356875 8.41076670625 -806.94420375 8.41076670938 -809.969050625 8.4107667125 -812.9938975 8.41076671562 -816.018744375 8.41076671875 -819.04359125 8.41076672187 -822.068438125 8.410766725 -825.093285 8.41076672812 -828.118131875 8.41076673125 -831.14297875 8.41076673438 -834.167825625 8.4107667375 -837.1926725 8.41076674063 -840.217519375 8.41076674375 -843.24236625 8.41076674687 -846.267213125 8.41076675 -849.29206 8.41076675312 -852.316906875 8.41076675625 -855.34175375 8.41076675937 -858.366600625 8.4107667625 -861.3914475 8.41076676562 -864.416294375 8.41076676875 -867.44114125 8.41076677188 -870.465988125 8.410766775 -873.490835 8.41076677812 -876.515681875 8.41076678125 -879.54052875 8.41076678437 -882.565375625 8.4107667875 -885.5902225 8.41076679062 -888.615069375 8.41076679375 -891.63991625 8.41076679687 -894.664763125 8.4107668 -897.68961 8.4142726125 -902.0945125 8.417778425 -906.499415 8.4212842375 -910.9043175 8.42479005 -915.30922 8.4282958625 -919.7141225 8.431801675 -924.119025 8.4353074875 -928.5239275 8.4388133 -932.92883 8.4423191125 -937.3337325 8.445824925 -941.738635 8.4493307375 -946.1435375 8.45283655 -950.54844 8.4563423625 -954.9533425 8.459848175 -959.358245 8.4633539875 -963.7631475 8.4668598 -968.16805 8.4884753 -972.0030225 8.5100908 -975.837995 8.5317063 -979.6729675 8.5533218 -983.50794 8.5533221 -986.57288 8.5533221 -989.63782 8.5533221 -992.70276 8.5533221 -995.7677 8.5533221 -998.8059125 8.5533221 -1001.844125 8.5533221 -1004.8823375 8.5533221 -1007.92055 8.5533221 -1010.9587625 8.5533221 -1013.996975 8.5533221 -1017.0351875 8.5533221 -1020.0734 8.5533221 -1023.1116125 8.5533221 -1026.149825 8.5533221 -1029.1880375 8.5533221 -1032.22625 8.5533221 -1035.2644625 8.5533221 -1038.302675 8.5533221 -1041.3408875 8.5533221 -1044.3791 11.7281286461 -1044.3791 14.9029351922 -1044.3791 18.0777417383 -1044.3791 21.2525482844 -1044.3791 24.4273548305 -1044.3791 27.6021613766 -1044.3791 30.7769679227 -1044.3791 33.9517744688 -1044.3791 37.1265810148 -1044.3791 40.3013875609 -1044.3791 43.476194107 -1044.3791 46.6510006531 -1044.3791 49.8258071992 -1044.3791 53.0006137453 -1044.3791 56.1754202914 -1044.3791 59.3502268375 -1044.3791 62.5250333836 -1044.3791 65.6998399297 -1044.3791 68.8746464758 -1044.3791 72.0494530219 -1044.3791 75.224259568 -1044.3791 78.3990661141 -1044.3791 81.5738726602 -1044.3791 84.7486792063 -1044.3791 87.9234857523 -1044.3791 91.0982922984 -1044.3791 94.2730988445 -1044.3791 97.4479053906 -1044.3791 100.622711937 -1044.3791 103.797518483 -1044.3791 106.972325029 -1044.3791 110.147131575 -1044.3791 113.321938121 -1044.3791 116.496744667 -1044.3791 119.671551213 -1044.3791 122.846357759 -1044.3791 126.021164305 -1044.3791 129.195970852 -1044.3791 132.370777398 -1044.3791 135.545583944 -1044.3791 138.72039049 -1044.3791 141.895197036 -1044.3791 145.070003582 -1044.3791 148.244810128 -1044.3791 151.419616674 -1044.3791 154.59442322 -1044.3791 157.769229766 -1044.3791 160.944036313 -1044.3791 164.118842859 -1044.3791 167.293649405 -1044.3791 170.468455951 -1044.3791 173.643262497 -1044.3791 176.818069043 -1044.3791 179.992875589 -1044.3791 183.167682135 -1044.3791 186.342488681 -1044.3791 189.517295227 -1044.3791 192.692101773 -1044.3791 195.86690832 -1044.3791 199.041714866 -1044.3791 202.216521412 -1044.3791 205.391327958 -1044.3791 208.566134504 -1044.3791 211.74094105 -1044.3791 214.915747596 -1044.3791 218.090554142 -1044.3791 221.265360688 -1044.3791 224.440167234 -1044.3791 227.61497378 -1044.3791 230.789780327 -1044.3791 233.964586873 -1044.3791 237.139393419 -1044.3791 240.314199965 -1044.3791 243.489006511 -1044.3791 246.663813057 -1044.3791 249.838619603 -1044.3791 253.013426149 -1044.3791 256.188232695 -1044.3791 259.363039241 -1044.3791 262.537845787 -1044.3791 265.712652334 -1044.3791 268.88745888 -1044.3791 272.062265426 -1044.3791 275.237071972 -1044.3791 278.411878518 -1044.3791 281.586685064 -1044.3791 284.76149161 -1044.3791 287.936298156 -1044.3791 291.111104702 -1044.3791 294.285911248 -1044.3791 297.460717795 -1044.3791 300.635524341 -1044.3791 303.810330887 -1044.3791 306.985137433 -1044.3791 310.159943979 -1044.3791 313.334750525 -1044.3791 316.509557071 -1044.3791 319.684363617 -1044.3791 322.859170163 -1044.3791 326.033976709 -1044.3791 329.208783255 -1044.3791 332.383589802 -1044.3791 335.558396348 -1044.3791 338.733202894 -1044.3791 341.90800944 -1044.3791 345.082815986 -1044.3791 348.257622532 -1044.3791 351.432429078 -1044.3791 354.607235624 -1044.3791 357.78204217 -1044.3791 360.956848716 -1044.3791 364.131655263 -1044.3791 367.306461809 -1044.3791 370.481268355 -1044.3791 373.656074901 -1044.3791 376.830881447 -1044.3791 380.005687993 -1044.3791 383.180494539 -1044.3791 386.355301085 -1044.3791 389.530107631 -1044.3791 392.704914177 -1044.3791 395.879720723 -1044.3791 399.05452727 -1044.3791 402.229333816 -1044.3791 405.404140362 -1044.3791 408.578946908 -1044.3791 411.753753454 -1044.3791 414.92856 -1044.3791 414.48581 -1019.8352 414.51091 -1023.1196375 414.50994125 -1026.06635 414.50511 -1029.5672 414.50027875 -1033.38554375 414.49931 -1037.2847375 414.50606625 -1041.0281375 414.52441 -1044.3791 414.48808 -1009.7142 414.48758 -1012.24445 414.48708 -1014.7747 414.48658 -1017.30495 414.37862 -883.56235 414.382040625 -887.504595312 414.38546125 -891.446840625 414.388881875 -895.389085937 414.3923025 -899.33133125 414.395723125 -903.273576563 414.39914375 -907.215821875 414.402564375 -911.158067188 414.405985 -915.1003125 414.409405625 -919.042557813 414.41282625 -922.984803125 414.416246875 -926.927048438 414.4196675 -930.86929375 414.423088125 -934.811539063 414.42650875 -938.753784375 414.429929375 -942.696029688 414.43335 -946.638275 414.436770625 -950.580520313 414.44019125 -954.522765625 414.443611875 -958.465010937 414.4470325 -962.40725625 414.450453125 -966.349501562 414.45387375 -970.291746875 414.457294375 -974.233992188 414.460715 -978.1762375 414.464135625 -982.118482813 414.46755625 -986.060728125 414.470976875 -990.002973438 414.4743975 -993.94521875 414.477818125 -997.887464063 414.48123875 -1001.82970937 414.484659375 -1005.77195469 414.44186 -780.78987 414.439885 -784.00151 414.43791 -787.21315 414.435935 -790.42479 414.43396 -793.63643 414.431985 -796.84807 414.43001 -800.05971 414.428035 -803.27135 414.42606 -806.48299 414.424085 -809.69463 414.42211 -812.90627 414.420135 -816.11791 414.41816 -819.32955 414.416185 -822.54119 414.41421 -825.75283 414.412235 -828.96447 414.41026 -832.17611 414.408285 -835.38775 414.40631 -838.59939 414.404335 -841.81103 414.40236 -845.02267 414.400385 -848.23431 414.39841 -851.44595 414.396435 -854.65759 414.39446 -857.86923 414.392485 -861.08087 414.39051 -864.29251 414.388535 -867.50415 414.38656 -870.71579 414.384585 -873.92743 414.38261 -877.13907 414.380635 -880.35071 414.37862 -721.52968 414.38257 -725.233441875 414.38652 -728.93720375 414.39047 -732.640965625 414.39442 -736.3447275 414.39837 -740.048489375 414.40232 -743.75225125 414.40627 -747.456013125 414.41022 -751.159775 414.41417 -754.863536875 414.41812 -758.56729875 414.42207 -762.271060625 414.42602 -765.9748225 414.42997 -769.678584375 414.43392 -773.38234625 414.43787 -777.086108125 414.44186 -708.50129 414.42606 -711.7583875 414.41026 -715.015485 414.39446 -718.2725825 414.514705 -697.98017 414.49043 -701.48721 414.466155 -704.99425 11.15080311 -705.027675637 13.9855876939 -705.575178379 16.8299386266 -706.11256822 19.6824526828 -706.627685156 22.5417266372 -707.108369182 25.4063572646 -707.542460293 28.2749413398 -707.917798484 31.1460756375 -708.22222375 34.0183569324 -708.443576086 36.8903819994 -708.569695488 39.7607476132 -708.588421951 42.6280505484 -708.487595469 45.49088758 -708.255056038 48.3478554826 -707.878643652 51.197551031 -707.346198308 54.038571 -706.64556 58.0648405468 -706.603870145 62.0918225818 -706.574092681 66.1194439152 -706.554715761 70.1476313574 -706.544227539 74.1763117188 -706.541116168 78.2054118098 -706.5438698 82.2348584407 -706.550976589 86.2645784219 -706.560924687 90.2944985637 -706.572202249 94.3245456765 -706.583297427 98.3546465707 -706.592698373 102.384728057 -706.598893242 106.414716945 -706.600370186 110.444540045 -706.595617358 114.474124168 -706.583122912 118.503396125 -706.561375 122.532282725 -706.528861776 126.560710779 -706.484071392 130.588607097 -706.425492001 134.61589849 -706.351611758 138.642511768 -706.260918814 142.668373741 -706.151901323 146.69341122 -706.023047438 150.717551016 -705.872845312 154.740719937 -705.699783099 158.762844796 -705.50234895 162.783852401 -705.27903102 166.803669564 -705.028317461 170.822223096 -704.748696426 174.839439805 -704.438656069 178.855246503 -704.096684543 182.86957 -703.72127 186.345884615 -703.506692502 189.821701221 -703.351330215 193.297038016 -703.25095907 196.771913203 -703.201355 200.246344982 -703.198293938 203.720351553 -703.237551816 207.193951117 -703.314904568 210.667161875 -703.426128125 214.140002028 -703.56699842 217.612489775 -703.733291387 221.084643319 -703.920782957 224.556480859 -704.125249062 228.028020597 -704.342465637 231.499280732 -704.568208613 234.970279467 -704.798253923 238.441035 -705.0283775 241.911565533 -705.254355276 245.381889268 -705.471963184 248.852024403 -705.676977156 252.321989141 -705.865173125 255.791801681 -706.032327024 259.261480225 -706.174214785 262.731042972 -706.286612341 266.200508125 -706.365295625 269.669893883 -706.406040569 273.139218447 -706.404623105 276.608500018 -706.356819167 280.077756797 -706.258404687 283.547006984 -706.105155598 287.016268779 -705.892847832 290.485560385 -705.617257322 293.9549 -705.27416 296.922567273 -704.77997195 299.89429467 -704.320887864 302.869813995 -703.896609714 305.848857051 -703.506839473 308.831155641 -703.151279112 311.81644157 -702.829630603 314.80444664 -702.541595919 317.794902656 -702.286877031 320.787541421 -702.065175912 323.782094739 -701.876194534 326.778294413 -701.719634868 329.775872246 -701.595198887 332.774560043 -701.502588562 335.774089607 -701.441505867 338.774192741 -701.411652772 341.77460125 -701.41273125 344.775046936 -701.444443273 347.775261604 -701.506490813 350.774977057 -701.598575842 353.773925098 -701.720400332 356.771837531 -701.871666255 359.76844616 -702.052075583 362.763482788 -702.261330289 365.756679219 -702.499132344 368.747767256 -702.76518372 371.736478704 -703.059186389 374.722545365 -703.380842324 377.705699043 -703.729853496 380.685671542 -704.105921878 383.662194666 -704.508749441 386.635000217 -704.938038158 389.60382 -705.39349 392.718806348 -705.699909141 395.830452031 -706.0329275 398.938965762 -706.390967734 402.04455625 -706.7724525 405.147432207 -707.175804453 408.247802344 -707.59944625 411.345875371 -708.041800547 13.0204742191 -717.461151831 17.718278692 -718.346182148 22.4370871982 -719.046852563 27.1743474172 -719.585694687 31.9275070286 -719.985240132 36.6940137119 -720.268020508 41.4713151467 -720.456567427 46.2568590125 -720.5734125 51.0480929888 -720.641087339 55.8424647553 -720.682123555 60.6374219913 -720.719052759 65.4304123766 -720.774406562 70.2188835905 -720.870716577 75.0002833127 -721.030514414 79.7720592227 -721.276331685 84.531659 -721.6307 88.5379903235 -722.012836025 92.5430169473 -722.503278203 96.5471390388 -723.074715811 100.550756766 -723.699838125 104.554270295 -724.351334424 108.558079795 -725.001893984 112.562585432 -725.624206084 116.568187375 -726.19096 120.57528579 -726.67484501 124.584280846 -727.048550391 128.595572709 -727.28476542 132.609561547 -727.356179375 136.626647528 -727.235481533 140.647230818 -726.895361172 144.671711587 -726.308507568 148.70049 -725.44761 151.21249707 -724.939792397 153.733236482 -724.396537612 156.262173976 -723.823330809 158.798775293 -723.225657148 161.342506173 -722.609001794 163.892832356 -721.978849907 166.449219583 -721.340686651 169.011133594 -720.699997188 171.578040129 -720.062266679 174.149404929 -719.432980288 176.724693734 -718.817623177 179.303372285 -718.221680508 181.884906322 -717.650637443 184.468761584 -717.109979146 187.054403814 -716.605190777 189.64129875 -716.1417575 192.228912133 -715.725164477 194.816709705 -715.36089687 197.404157204 -715.054439842 199.990720371 -714.811278555 202.575864947 -714.636898171 205.159056672 -714.536783853 207.739761287 -714.516420762 210.317444531 -714.581294063 212.891572146 -714.736888915 215.461609871 -714.988690483 218.027023446 -715.342183929 220.587278613 -715.802854414 223.141841112 -716.376187101 225.690176682 -717.067667153 228.231751065 -717.882779732 230.76603 -718.82701 235.041512715 -720.634102148 239.358329219 -722.352617188 243.722582051 -723.926321758 248.14037375 -725.2989825 252.617806855 -726.414366055 257.160983906 -727.216239063 261.776007441 -727.648368164 266.46898 -727.65452 270.575925957 -727.549801016 274.684026094 -727.479418906 278.793064434 -727.437937812 282.902825 -727.419921875 287.013091816 -727.419935234 291.123648906 -727.432542031 295.234280293 -727.452306406 299.34477 -727.4737925 303.454902051 -727.491564453 307.564460469 -727.500186406 311.673229277 -727.4942225 315.7809925 -727.468236875 319.88753416 -727.416793672 323.992638281 -727.334457031 328.096088887 -727.215791094 332.19767 -727.05536 334.93673772 -726.594579668 337.612195039 -725.909244063 340.234600698 -725.03851502 342.814513438 -724.021554375 345.362491997 -722.897523965 347.889095117 -721.705585625 350.404881538 -720.484901191 352.92041 -719.2746325 355.446239243 -718.113941387 357.992928008 -717.041989688 360.571035034 -716.097939238 363.191119062 -715.320951875 365.863738833 -714.750189434 368.599453086 -714.42481375 371.408820562 -714.38398666 374.3024 -714.66687 378.545177344 -715.160460938 382.63253875 -716.2733325 386.576055781 -717.861670312 390.3873 -719.78166 394.854485469 -719.942298281 399.32057875 -720.14071875 403.780932656 -720.427172344 408.2309 -720.85191 411.30572125 -721.18224125 11.1134928109 -772.302212637 13.7665785139 -771.72712875 16.3557028454 -770.988098145 18.8904258422 -770.109590625 21.3803075407 -769.116075996 23.8349079775 -768.032024062 26.2637871893 -766.881904629 28.6765052125 -765.6901875 31.0826220838 -764.48134248 33.4916978396 -763.279839375 35.9132925167 -762.110147988 38.3569661516 -760.996738125 40.8322787807 -759.96407959 43.3487904408 -759.036642187 45.9160611684 -758.238895723 48.543651 -757.59531 51.0767611456 -757.120363392 53.6062182935 -756.755565964 56.1322935104 -756.494097249 58.6552578633 -756.329136777 61.1753824188 -756.253864082 63.6929382437 -756.261458694 66.2081964047 -756.345100146 68.7214279687 -756.497967969 71.2329040025 -756.713241695 73.7428955728 -756.984100857 76.2516737463 -757.303724986 78.7595095898 -757.665293613 81.2666741702 -758.061986272 83.7734385542 -758.486982493 86.2800738085 -758.933461808 88.786851 -759.39460375 91.2940411954 -759.86358785 93.8019154614 -760.33359364 96.3107448649 -760.797800652 98.8208004727 -761.249388418 101.332353351 -761.681536469 103.845674568 -762.087424338 106.361035189 -762.460231557 108.878706281 -762.793137656 111.398958912 -763.079322169 113.922064147 -763.311964626 116.448293054 -763.484244561 118.977916699 -763.589341504 121.51120615 -763.620434987 124.048432472 -763.570704543 126.589866733 -763.433329704 129.13578 -763.20149 133.11996003 -762.937720912 137.09014864 -762.554902415 141.047422671 -762.063003906 144.992858965 -761.471994785 148.927534362 -760.791844451 152.852525706 -760.032522302 156.768909836 -759.203997738 160.677763594 -758.316240156 164.580163822 -757.379218957 168.477187361 -756.402903538 172.369911053 -755.397263298 176.259411738 -754.372267637 180.146766259 -753.337885952 184.033051458 -752.304087644 187.919344174 -751.28084211 191.80672125 -750.27811875 195.696259527 -749.305886962 199.589035847 -748.374116145 203.486127051 -747.492775698 207.38860998 -746.67183502 211.297561477 -745.921263509 215.214058381 -745.251030564 219.139177536 -744.671105584 223.073995781 -744.191457969 227.019589959 -743.822057116 230.977036912 -743.572872424 234.947413479 -743.453873293 238.931796504 -743.475029121 242.931262827 -743.646309307 246.94688929 -743.97768325 250.979752733 -744.479120348 255.03093 -745.16059 259.594894353 -745.868074263 264.190204355 -746.562936758 268.810742922 -747.223179546 273.450392969 -747.826804687 278.10303741 -748.351814243 282.76255916 -748.776210273 287.422841135 -749.077994839 292.07776625 -749.23517 296.721217419 -749.225737817 301.347077559 -749.027700352 305.949229583 -748.619059663 310.521556406 -747.977817813 315.057940945 -747.08197686 319.552266113 -745.909538867 323.998414827 -744.438505894 328.39027 -742.64688 332.207244727 -741.066321182 336.016953594 -739.459741172 339.822606133 -737.837044014 343.627411875 -736.20813375 347.434580352 -734.582914424 351.247321094 -732.971290078 355.068843633 -731.383164756 358.9023575 -729.8284425 362.751072227 -728.317027354 366.618197344 -726.858823359 370.506942383 -725.463734561 374.420516875 -724.141665 378.362130352 -722.902518721 382.334992344 -721.756199766 386.342312383 -720.712612178 11.3588246085 -801.509715656 14.3106247125 -802.027913682 17.2659461334 -802.45533723 20.2245679924 -802.798219453 23.1862694106 -803.062793502 26.1508295093 -803.255292529 29.1180274096 -803.381949686 32.0876422328 -803.448998125 35.0594531001 -803.462670997 38.0332391327 -803.429201455 41.0087794519 -803.35482265 43.9858531787 -803.245767734 46.9642394345 -803.10826986 49.9437173404 -802.948562178 52.9240660177 -802.772877841 55.9050645875 -802.58745 58.8864921711 -802.398511808 61.8681278897 -802.212296416 64.8497508644 -802.035036976 67.8311402166 -801.872966641 70.8120750674 -801.732318561 73.792334538 -801.619325889 76.7716977496 -801.540221776 79.7499438234 -801.501239375 82.7268518807 -801.508611837 85.7022010427 -801.568572314 88.6757704305 -801.687353959 91.6473391654 -801.871189922 94.6166863686 -802.126313356 97.5835911613 -802.458957412 100.547832665 -802.875355243 103.50919 -803.38174 107.103793431 -803.964811848 110.674862175 -804.631689587 114.223961409 -805.376844325 117.752656309 -806.194747168 121.26251205 -807.079869222 124.755093811 -808.026681594 128.231966767 -809.029655391 131.694696094 -810.083261719 135.144846969 -811.181971684 138.583984568 -812.320256394 142.013674068 -813.492586955 145.435480645 -814.693434473 148.850969475 -815.917270055 152.261705735 -817.158564807 155.669254601 -818.411789837 159.07518125 -819.67141625 162.481050858 -820.931915154 165.888428601 -822.187757654 169.298879656 -823.433414857 172.713969199 -824.663357871 176.135262407 -825.872057801 179.564324456 -827.053985754 183.002720522 -828.203612837 186.452015781 -829.315410156 189.913775411 -830.383848818 193.389564587 -831.403399929 196.880948487 -832.368534596 200.389492285 -833.273723926 203.916761159 -834.113439024 207.464320286 -834.882150999 211.03373484 -835.574330955 214.62657 -836.18445 217.566513149 -836.581173738 220.570792383 -836.979359902 223.624589253 -837.354500295 226.713085312 -837.682086719 229.821462114 -837.937610974 232.934901211 -838.096564863 236.038584155 -838.134440188 239.1176925 -838.02672875 242.157407798 -837.748922351 245.142911602 -837.276512793 248.059385464 -836.584991877 250.892010937 -835.649851406 253.625969575 -834.446583181 256.24644293 -832.950679004 258.738612554 -831.137630676 261.08766 -828.98293 263.879485862 -826.500683994 266.589015176 -823.835891328 269.24025241 -821.035697529 271.857202031 -818.147248125 274.463868508 -815.217688643 277.084256309 -812.294164609 279.7423699 -809.423821553 282.46221375 -806.653805 285.267792327 -804.031260479 288.183110098 -801.603333516 291.232171531 -799.417169639 294.438981094 -797.519914375 297.827543254 -795.958713252 301.42186248 -794.780711797 305.24594324 -794.033055537 309.32379 -793.76289 314.041947734 -793.654144377 318.771953594 -793.605848301 323.510644687 -793.596534207 328.254858125 -793.604734531 333.001431016 -793.608981711 337.747200469 -793.587808184 342.489003594 -793.519746384 347.2236775 -793.38332875 351.948059297 -793.157087717 356.658986094 -792.819555723 361.353295 -792.349265203 366.027823125 -791.724748594 370.679407578 -790.924538333 375.304885469 -789.927166855 379.901093906 -788.711166599 384.46487 -787.25507 388.159614746 -786.197049121 391.859463594 -785.161506094 395.569347207 -784.172897832 399.29419625 -783.25568125 403.038941387 -782.434313262 406.808513281 -781.733250781 410.607842598 -781.176950723 12.3296573176 -897.638716542 16.248810155 -897.597559131 20.1682012328 -897.565223463 24.0878064715 -897.540795234 28.0076017917 -897.52336014 31.9275631139 -897.512003877 35.8476663588 -897.50581214 39.7678874469 -897.503870625 43.6882022987 -897.505265028 47.6085868349 -897.509081045 51.529016976 -897.514404371 55.4494686426 -897.520320703 59.3699177552 -897.525915736 63.2903402344 -897.530275166 67.2107120008 -897.532484689 71.131008975 -897.53163 75.0512070775 -897.526796796 78.9712822289 -897.517070771 82.8912103497 -897.501537623 86.8109673605 -897.479283047 90.730529182 -897.449392738 94.6498717346 -897.410952393 98.568970939 -897.363047706 102.487802716 -897.304764375 106.406342985 -897.235188094 110.324567668 -897.153404561 114.242452685 -897.058499469 118.159973957 -896.949558516 122.077107403 -896.825667396 125.993828946 -896.685911807 129.910114504 -896.529377443 133.82594 -896.35515 136.957640928 -896.120099851 140.049922734 -895.633263965 143.109241455 -894.939058557 146.142053125 -894.081899844 149.154813779 -893.106204041 152.153979453 -892.056387363 155.146006182 -890.976866028 158.13735 -889.91205625 161.134466943 -888.906374246 164.143813047 -888.00423623 167.171844346 -887.25005842 170.225016875 -886.688257031 173.30978667 -886.363248279 176.432609766 -886.319448379 179.599942197 -886.601273547 182.81824 -887.25314 185.982322797 -887.883278239 189.148041436 -888.505689585 192.31530254 -889.120819918 195.484012734 -889.729115117 198.654078641 -890.331021064 201.825406885 -890.926983638 204.997904088 -891.517448719 208.171476875 -892.102862188 211.346031869 -892.683669924 214.521475693 -893.260317808 217.697714972 -893.833251719 220.874656328 -894.402917539 224.052206385 -894.969761147 227.230271768 -895.534228423 230.408759098 -896.096765247 233.587575 -896.6578175 236.766626097 -897.217831061 239.945819014 -897.777251812 243.125060372 -898.33652563 246.304256797 -898.896098398 249.483314911 -899.456415995 252.662141338 -900.017924302 255.840642701 -900.581069197 259.018725625 -901.146296562 262.196296732 -901.714052277 265.373262646 -902.284782222 268.549529991 -902.858932276 271.725005391 -903.43694832 274.899595468 -904.019276235 278.073206846 -904.606361899 281.245746149 -905.198651194 284.41712 -905.79659 288.765591931 -906.476806946 293.171764043 -907.104370566 297.622443938 -907.656436287 302.104439219 -908.110159531 306.604557488 -908.442695725 311.109606348 -908.631200293 315.606393401 -908.65282866 320.08172625 -908.48473625 324.522412498 -908.104078489 328.915259746 -907.488010801 333.247075598 -906.613688611 337.504667656 -905.458267344 341.674843523 -903.998902424 345.744410801 -902.212749277 349.700177092 -900.076963328 353.52895 -897.5687 356.099570151 -896.04204374 358.703982461 -894.561113984 361.341859712 -893.134817393 364.012874688 -891.772060625 366.716700171 -890.481750342 369.453008945 -889.272793203 372.221473794 -888.154095869 375.0217675 -887.134565 377.853562847 -886.223107256 380.716532617 -885.428629297 383.610349595 -884.760037783 386.534686562 -884.226239375 389.489216304 -883.836140732 392.473611602 -883.598648516 395.487545239 -883.522669385 398.53069 -883.61711 402.492002187 -883.523155781 406.4542875 -883.48285375 410.416756563 -883.495979844 12.686608079 -996.552086883 16.8180688507 -997.196232368 20.9474517637 -997.70555121 25.0745041666 -998.085458164 29.1989734082 -998.341367984 33.3206068371 -998.478695425 37.439151802 -998.502855241 41.5543556516 -998.419262187 45.6659657345 -998.233331019 49.7737293994 -997.950476489 53.8773939951 -997.576113354 57.9767068701 -997.115656367 62.0714153732 -996.574520284 66.161266853 -995.958119858 70.2460086582 -995.271869846 74.3253881375 -994.521185 78.3991526395 -993.711480076 82.467049513 -992.848169829 86.5288261066 -991.936669013 90.5842297689 -990.982392383 94.6330078488 -989.990754693 98.6749076947 -988.967170698 102.709676655 -987.917055153 106.73706208 -986.845822813 110.756811316 -985.758888431 114.768671713 -984.661666763 118.77239062 -983.559572563 122.767715385 -982.458020586 126.754393357 -981.362425587 130.732171884 -980.278202319 134.700798316 -979.210765539 138.66002 -978.16553 142.44273544 -977.236575272 146.241376252 -976.389890498 150.054482928 -975.625158854 153.880595957 -974.942063516 157.718255829 -974.34028766 161.566003035 -973.819514463 165.422378064 -973.379427101 169.285921406 -973.01970875 173.155173553 -972.740042587 177.028674993 -972.540111787 180.904966217 -972.419599528 184.782587715 -972.378188984 188.660079977 -972.415563334 192.535983494 -972.531405752 196.408838755 -972.725399415 200.27718625 -972.9972275 204.13956647 -973.346573182 207.994519905 -973.773119639 211.840587044 -974.276550045 215.676308379 -974.856547578 219.500224398 -975.512795414 223.310875593 -976.244976729 227.106802453 -977.052774698 230.886545469 -977.9358725 234.64864513 -978.893953309 238.391641926 -979.926700303 242.114076349 -981.033796656 245.814488887 -982.214925547 249.491420031 -983.46977015 253.143410271 -984.798013643 256.769000097 -986.1993392 260.36673 -987.67343 263.377563044 -988.861979447 266.384493137 -990.072555774 269.388372976 -991.301611269 272.390055254 -992.545598223 275.390392666 -993.800968924 278.390237908 -995.064175662 281.390443673 -996.331670726 284.391862656 -997.599906406 287.395347553 -998.865334992 290.401751057 -1000.12440877 293.411925864 -1001.37358004 296.426724668 -1002.60930107 299.447000164 -1003.82802418 302.473605046 -1005.02620163 305.50739201 -1006.20028572 308.54921375 -1007.34672875 311.599922961 -1008.461983 314.660372336 -1009.54250075 317.731414572 -1010.58473431 320.813902363 -1011.58513596 323.908688404 -1012.54015798 327.016625388 -1013.44625267 330.138566012 -1014.29987232 333.275362969 -1015.09746922 336.427868954 -1015.83549565 339.596936663 -1016.51040391 342.783418789 -1017.11864628 345.988168027 -1017.65667506 349.212037073 -1018.12094253 352.455878621 -1018.50790098 355.720545365 -1018.81400271 359.00689 -1019.0357 362.466559883 -1019.3551502 365.928178125 -1019.61719375 369.391549492 -1019.82643262 372.85647875 -1019.98746875 376.322770664 -1020.1049041 379.79023 -1020.18334062 383.258661523 -1020.22738027 386.72787 -1020.241625 390.197660195 -1020.23067676 393.667836875 -1020.1991375 397.138204805 -1020.15160918 400.60856875 -1020.09269375 404.078733477 -1020.02699316 407.54850375 -1019.95910937 411.017684336 -1019.89364434 11.9103768542 -984.054964028 15.2735540558 -984.537233318 18.6419891165 -984.955143991 22.0148174479 -985.309092168 25.3911744616 -985.599473971 28.7701955695 -985.82668552 32.1510161831 -985.991122937 35.5327717141 -986.093182344 38.9145975741 -986.133259861 42.2956291748 -986.111751609 45.675001928 -986.02905371 49.0518512451 -985.885562285 52.425312538 -985.681673456 55.7945212182 -985.417783342 59.1586126975 -985.094288067 62.5167223875 -984.71158375 65.8679856998 -984.270066513 69.2115380462 -983.770132478 72.5465148383 -983.212177765 75.8720514877 -982.596598496 79.1872834061 -981.923790792 82.4913460052 -981.194150774 85.7833746967 -980.408074563 89.0625048922 -979.565958281 92.3278720033 -978.668198049 95.5786114418 -977.715189988 98.8138586193 -976.707330219 102.032748947 -975.645014863 105.234417838 -974.528640042 108.418000702 -973.358601877 111.582632953 -972.13529649 114.72745 -970.85912 118.082673134 -969.484573736 121.468748042 -968.159797388 124.883853919 -966.887304308 128.326169961 -965.669607852 131.793875363 -964.50922137 135.285149321 -963.408658218 138.798171031 -962.370431747 142.331119687 -961.397055313 145.882174487 -960.491042266 149.449514624 -959.654905962 153.031319295 -958.891159753 156.625767695 -958.202316992 160.23103902 -957.590891033 163.845312466 -957.059395229 167.466767227 -956.610342934 171.0935825 -956.2462475 174.72393748 -955.969622281 178.356011362 -955.78298063 181.987983343 -955.6888359 185.618032617 -955.689701445 189.244338381 -955.788090618 192.865079829 -955.986516772 196.478436158 -956.287493261 200.082586563 -956.693533438 203.675710239 -957.207150655 207.255986382 -957.830858267 210.821594188 -958.567169626 214.370712852 -959.418598086 217.901521569 -960.387657 221.412199536 -961.476859722 224.900925948 -962.688719604 228.36588 -964.02575 231.793135235 -965.313697607 235.211989065 -966.653107461 238.623775555 -968.037493232 242.02982877 -969.460368594 245.431482773 -970.915247217 248.830071628 -972.395642773 252.226929402 -973.895068936 255.623390156 -975.407039375 259.020787957 -976.925067764 262.420456868 -978.442667773 265.823730953 -979.953353076 269.231944277 -981.450637344 272.646430905 -982.928034248 276.0685249 -984.379057461 279.499560327 -985.797220654 282.94087125 -987.1760375 286.393791734 -988.50902167 289.859655842 -989.789686836 293.33979764 -991.01154667 296.835551191 -992.168114844 300.348250561 -993.252905029 303.879229812 -994.259430898 307.42982301 -995.181206123 311.001364219 -996.011744375 314.595187503 -996.744559326 318.212626926 -997.373164648 321.855016554 -997.891074014 325.523690449 -998.291801094 329.219982677 -998.568859561 332.945227302 -998.715763086 336.700758388 -998.726025342 340.48791 -998.59316 344.298113594 -998.448567656 348.10350125 -998.20437625 351.904810781 -997.896069219 355.70278 -997.55913 359.373414949 -998.33546825 363.044455059 -999.10985584 366.715911975 -999.882235159 370.387797344 -1000.65254859 374.06012281 -1001.42073853 377.73290002 -1002.18674736 381.406140618 -1002.95051747 385.07985625 -1003.71199125 388.754058562 -1004.47111108 392.428759199 -1005.22781936 396.103969807 -1005.98205846 399.779702031 -1006.73377078 403.455967517 -1007.48289871 407.13277791 -1008.22938463 410.810144856 -1008.97317093 232.359 -946.59674 235.267564553 -948.46840761 238.18133002 -950.336403223 241.102487234 -952.195811013 244.033227031 -954.041715156 246.975740247 -955.869199827 249.932217715 -957.673349199 252.904850271 -959.449247449 255.89582875 -961.19197875 258.907343987 -962.896627278 261.941586816 -964.558277207 265.000748074 -966.172012712 268.087018594 -967.732917969 271.202589211 -969.236077151 274.349650762 -970.676574434 277.53039408 -972.049493992 280.74701 -973.34992 283.867779094 -974.639459446 287.000494473 -975.898284004 290.144382654 -977.128165505 293.298670156 -978.330875781 296.462583499 -979.508186663 299.635349199 -980.66186998 302.816193777 -981.793697566 306.00434375 -982.90544125 309.199025637 -983.998872864 312.399465957 -985.075764238 315.604891228 -986.137887205 318.814527969 -987.187013594 322.027602698 -988.224915237 325.243341934 -989.253363965 328.460972195 -990.274131609 331.67972 -991.28899 334.669589883 -992.121380703 337.664673437 -992.934665625 340.664222773 -993.731451484 343.66749 -994.514345 346.673727227 -995.285952891 349.682186562 -996.048881875 352.692120117 -996.805738672 11.7440694012 -968.95863416 15.0400766344 -969.677074531 18.3534562441 -970.304407949 21.682782975 -970.82167125 25.0266315715 -971.20990127 28.3835767781 -971.450134844 31.7521933395 -971.523408809 35.131056 -971.41076 38.1355259375 -971.292308418 41.1409853594 -971.161662188 44.1468908672 -971.016645957 47.1526990625 -970.855084375 50.1578665469 -970.67480209 53.1618499219 -970.47362375 56.1641057891 -970.249374004 59.16409075 -969.9998775 62.1612614062 -969.722958887 65.1550743594 -969.416442812 68.1449862109 -969.078153926 71.1304535625 -968.705916875 74.1109330156 -968.297556309 77.0858811719 -967.850896875 80.0547546328 -967.363763223 83.01701 -966.83398 86.0807893762 -966.036500686 89.1296281035 -965.189445801 92.1645153923 -964.296483679 95.1864404531 -963.361282656 98.1963924963 -962.387511067 101.195360732 -961.378837246 104.184334372 -960.338929529 107.164302625 -959.27145625 110.136254702 -958.180085745 113.101179814 -957.068486348 116.060067172 -955.940326394 119.013905984 -954.799274219 121.963685463 -953.648998157 124.910394818 -952.493166543 127.85502326 -951.335447712 130.79856 -950.17951 135.420395 -948.322215 140.03581 -946.44902 143.227152375 -945.337317749 146.434748379 -944.251574492 149.658260701 -943.198541724 152.897352031 -942.184970937 156.151685061 -941.217613628 159.42092248 -940.303221289 162.70472698 -939.448545415 166.00276125 -938.6603375 169.314687981 -937.945349038 172.640169863 -937.310331523 175.978869587 -936.76203645 179.330449844 -936.307215312 182.694573323 -935.952619604 186.070902715 -935.70500082 189.45910071 -935.571110454 192.85883 -935.5577 196.781388574 -935.765718398 200.695375469 -936.138275313 204.588634941 -936.68550582 208.44901125 -937.417545 212.264348652 -938.34452793 216.022491406 -939.476589688 219.71128377 -940.823865352 223.31857 -942.39649 227.86086875 -944.44907625 144.760600312 -946.829278848 149.4892475 -947.148572656 154.221179688 -947.406192324 158.955825 -947.60142875 163.692611562 -947.733572832 168.4309675 -947.801915469 173.170320937 -947.805747559 177.9101 -947.74436 181.314288538 -947.700969688 184.719013457 -947.677961094 188.124127468 -947.670157109 191.529483281 -947.672380625 194.934933606 -947.679454531 198.340331152 -947.686201719 201.74552863 -947.687445078 205.15037875 -947.6780075 208.554734221 -947.652711875 211.958447754 -947.606381094 215.361372058 -947.533838047 218.763359844 -947.429905625 222.164263821 -947.289406719 225.563936699 -947.107164219 228.962231189 -946.878001016 
